1 1 0 0 0 0 2 B B 1 0 0 1 B B B 
B 2 1 1 0 0 3 B 6 4 3 2 3 3 4 2 
2 3 B 1 0 0 2 B B B B B 3 B 2 0 
B 2 1 1 1 1 3 4 B 4 3 2 3 B 2 0 
1 1 1 1 2 B 2 B 2 1 0 0 1 2 2 1 
0 0 1 B 2 1 3 2 2 0 0 1 1 2 B 1 
0 0 2 2 2 0 1 B 2 1 0 1 B 2 1 1 
0 0 1 B 1 0 1 2 B 2 1 2 2 2 1 0 
1 1 2 1 1 1 1 2 2 4 B 2 1 B 1 0 
2 B 2 0 0 1 B 1 2 B B 2 1 1 1 0 
2 B 2 0 0 2 2 2 2 B 4 3 3 2 1 0 
2 2 1 1 1 3 B 3 3 3 3 B B B 2 1 
B 1 0 1 B 3 B 3 B B 2 3 B 4 3 B 
1 1 0 1 1 2 1 2 2 2 1 1 2 B 2 1 
0 1 1 1 1 2 2 1 1 1 1 0 1 1 2 1 
0 1 B 1 1 B B 1 1 B 1 0 0 0 0 B 
